0 2141
1 2136
2 2135
3 2103
4 2153
5 2131
6 2148
7 2173
8 2184
9 2177
10 2157
11 2178
12 2165
13 2232
14 2233
15 2264
16 2363
17 2365
18 2368
19 2399
20 2494
21 2596
22 2618
23 2836
24 2879
25 3093
26 3344
27 3739
28 3858
29 4699
30 6016
31 9764
32 13279
33 18639
34 25407
35 20938
36 11610
37 6040
38 3630
39 2515
40 2267
41 2179
42 2176
43 2109
44 2138
45 2113
46 2112
47 2100
48 2147
49 2111
50 2116
51 2112
52 2124
53 2085
54 2087
55 2082
56 2080
57 2068
58 2104
59 2108
60 2101
61 2096
62 2100
63 2084
64 2106
65 2069
66 2072
67 2118
68 2072
69 2073
70 2081
71 2092
72 2073
73 2080
74 2112
75 2110
76 2066
77 2075
78 2058
79 2130
80 2097
81 2105
82 2072
83 2099
84 2059
85 2084
86 2073
87 2116
88 2065
89 2149
90 2124
91 2082
92 2056
93 2089
94 2103
95 2094
96 2091
97 2094
98 2087
99 2110
100 2115
101 2081
102 2089
103 2070
104 2113
105 2093
106 2113
107 2101
108 2065
109 2116
110 2124
111 2087
112 2113
113 2054
114 2140
115 2084
116 2068
117 2089
118 2085
119 2096
120 2088
121 2118
122 2078
123 2073
124 2134
125 2058
126 2063
127 2079
128 2122
129 2079
130 2107
131 2048
132 2092
133 2077
134 2088
135 2053
136 2066
137 2064
138 2101
139 2102
140 2068
141 2045
142 2098
143 2114
144 2071
145 2046
146 2113
147 2095
148 2073
149 2084
150 2093
151 2115
152 2119
153 2087
154 2066
155 2069
156 2099
157 2078
158 2090
159 2103
160 2083
161 2097
162 2051
163 2079
164 2107
165 2081
166 2085
167 2047
168 2126
169 2091
170 2094
171 2052
172 2081
173 2081
174 2098
175 2081
176 2102
177 2081
178 2099
179 2069
180 2082
181 2067
182 2084
183 2093
184 2091
185 2067
186 2095
187 2072
188 2074
189 2069
190 2076
191 2061
192 2082
193 2063
194 2075
195 2098
196 2073
197 2101
198 2116
199 2110
200 2097
201 2118
202 2080
203 2106
204 2089
205 2097
206 2059
207 2114
208 2089
209 2084
210 2040
211 2101
212 2111
213 2094
214 2106
215 2098
216 2105
217 2099
218 2085
219 2085
220 2087
221 2124
222 2067
223 2061
224 2077
225 2054
226 2076
227 2086
228 2090
229 2088
230 2087
231 2112
232 2077
233 2075
234 2104
235 2081
236 2070
237 2058
238 2104
239 2058
240 2074
241 2111
242 2067
243 2072
244 2073
245 2073
246 2078
247 2064
248 2094
249 2036
250 2089
251 2079
252 2062
253 2089
254 2090
255 2111
256 2107
257 2083
258 2112
259 2051
260 2074
261 2065
262 2081
263 2102
264 2100
265 2097
266 2113
267 2069
268 2087
269 2098
270 2078
271 2065
272 2096
273 2050
274 2073
275 2091
276 2090
277 2076
278 2049
279 2118
280 2098
281 2103
282 2054
283 2084
284 2105
285 2081
286 2096
287 2075
288 2058
289 2106
290 2101
291 2086
292 2096
293 2081
294 2091
295 2077
296 2059
297 2062
298 2083
299 2086
300 2077
301 2087
302 2063
303 2117
304 2099
305 2065
306 2073
307 2102
308 2069
309 2113
310 2102
311 2079
312 2089
313 2121
314 2049
315 2067
316 2072
317 2092
318 2045
319 2068
320 2057
321 2082
322 2122
323 2079
324 2084
325 2087
326 2091
327 2105
328 2099
329 2070
330 2087
331 2063
332 2075
333 2109
334 2087
335 2078
336 2073
337 2109
338 2120
339 2094
340 2053
341 2073
342 2096
343 2106
344 2117
345 2065
346 2119
347 2070
348 2067
349 2120
350 2051
351 2090
352 2061
353 2063
354 2074
355 2109
356 2095
357 2090
358 2055
359 2069
360 2087
361 2078
362 2087
363 2065
364 2071
365 2106
366 2110
367 2073
368 2084
369 2117
370 2083
371 2087
372 2085
373 2076
374 2095
375 2077
376 2102
377 2065
378 2064
379 2046
380 2096
381 2097
382 2092
383 2096
384 2089
385 2086
386 2077
387 2098
388 2088
389 2077
390 2087
391 2102
392 2065
393 2102
394 2095
395 2096
396 2111
397 2079
398 2039
399 2085
400 2070
401 2099
402 2102
403 2092
404 2081
405 2079
406 2099
407 2085
408 2074
409 2134
410 2051
411 2071
412 2088
413 2099
414 2111
415 2072
416 2078
417 2072
418 2066
419 2087
420 2074
421 2081
422 2092
423 2083
424 2062
425 2095
426 2065
427 2114
428 2056
429 2071
430 2090
431 2102
432 2073
433 2076
434 2085
435 2059
436 2071
437 2111
438 2080
439 2056
440 2087
441 2108
442 2093
443 2118
444 2078
445 2088
446 2070
447 2114
448 2077
449 2109
450 2082
451 2077
452 2051
453 2085
454 2101
455 2059
456 2084
457 2073
458 2078
459 2093
460 2104
461 2078
462 2103
463 2067
464 2050
465 2096
466 2121
467 2122
468 2087
469 2071
470 2076
471 2058
472 2123
473 2091
474 2089
475 2088
476 2079
477 2111
478 2082
479 2067
480 2104
481 2010
482 2124
483 2113
484 2081
485 2056
486 2093
487 2094
488 2093
489 2073
490 2112
491 2069
492 2095
493 2082
494 2071
495 2090
496 2086
497 2060
498 2095
499 2089
500 2107
501 2111
502 2078
503 2091
504 2088
505 2100
506 2070
507 2081
508 2075
509 2058
510 2086
511 2099
512 2079
513 2099
514 2073
515 2081
516 2093
517 2100
518 2057
519 2068
520 2090
521 2100
522 2102
523 2099
524 2092
525 2067
526 2054
527 2065
528 2082
529 2104
530 2084
531 2083
532 2074
533 2083
534 2088
535 2094
536 2101
537 2053
538 2085
539 2062
540 2103
541 2098
542 2095
543 2053
544 2090
545 2063
546 2096
547 2094
548 2084
549 2079
550 2079
551 2080
552 2105
553 2098
554 2067
555 2115
556 2054
557 2098
558 2085
559 2085
560 2059
561 2083
562 2061
563 2104
564 2046
565 2091
566 2088
567 2088
568 2054
569 2057
570 2052
571 2108
572 2086
573 2063
574 2081
575 2070
576 2076
577 2085
578 2057
579 2094
580 2081
581 2092
582 2074
583 2077
584 2087
585 2048
586 2088
587 2085
588 2073
589 2095
590 2108
591 2080
592 2083
593 2109
594 2094
595 2104
596 2070
597 2049
598 2068
599 2099
600 2058
601 2085
602 2115
603 2056
604 2095
605 2119
606 2084
607 2097
608 2080
609 2101
610 2100
611 2054
612 2044
613 2116
614 2079
615 2102
616 2111
617 2080
618 2096
619 2054
620 2055
621 2034
622 2078
623 2086
624 2059
625 2079
626 2101
627 2083
628 2093
629 2085
630 2114
631 2072
632 2102
633 2097
634 2072
635 2043
636 2084
637 2103
638 2082
639 2062
640 2087
641 2092
642 2092
643 2085
644 2085
645 2042
646 2118
647 2096
648 2084
649 2059
650 2097
651 2071
652 2056
653 2080
654 2104
655 2096
656 2107
657 2018
658 2102
659 2086
660 2122
661 2091
662 2103
663 2055
664 2059
665 2085
666 2052
667 2069
668 2108
669 2072
670 2041
671 2096
672 2086
673 2108
674 2086
675 2082
676 2060
677 2101
678 2060
679 2073
680 2077
681 2098
682 2089
683 2064
684 2082
685 2076
686 2067
687 2105
688 2078
689 2073
690 2076
691 2037
692 2099
693 2057
694 2095
695 2082
696 2071
697 2071
698 2069
699 2098
700 2065
701 2090
702 2083
703 2081
704 2087
705 2114
706 2063
707 2092
708 2040
709 2062
710 2077
711 2093
712 2108
713 2070
714 2077
715 2100
716 2085
717 2046
718 2065
719 2099
720 2106
721 2088
722 2073
723 2110
724 2088
725 2082
726 2069
727 2058
728 2106
729 2070
730 2081
731 2102
732 2073
733 2081
734 2091
735 2105
736 2081
737 2056
738 2109
739 2083
740 2085
741 2063
742 2082
743 2092
744 2105
745 2118
746 2048
747 2079
748 2094
749 2063
750 2091
751 2076
752 2070
753 2057
754 2076
755 2083
756 2094
757 2087
758 2107
759 2080
760 2067
761 2125
762 2106
763 2077
764 2070
765 2070
766 2045
767 2079
768 2089
769 2101
770 2071
771 2122
772 2063
773 2063
774 2060
775 2065
776 2103
777 2062
778 2082
779 2082
780 2103
781 2085
782 2079
783 2029
784 2089
785 2089
786 2090
787 2047
788 2095
789 2110
790 2102
791 2075
792 2075
793 2122
794 2121
795 2091
796 2067
797 2109
798 2063
799 2107
800 2082
801 2082
802 2098
803 2104
804 2058
805 2105
806 2107
807 2105
808 2054
809 2061
810 2113
811 2069
812 2106
813 2115
814 2090
815 2095
816 2077
817 2071
818 2064
819 2051
820 2075
821 2055
822 2064
823 2084
824 2064
825 2103
826 2083
827 2086
828 2048
829 2076
830 2078
831 2045
832 2083
833 2078
834 2060
835 2069
836 2126
837 2078
838 2133
839 2068
840 2076
841 2097
842 2103
843 2116
844 2090
845 2104
846 2084
847 2094
848 2116
849 2069
850 2070
851 2084
852 2075
853 2062
854 2090
855 2071
856 2130
857 2077
858 2083
859 2061
860 2083
861 2053
862 2075
863 2103
864 2046
865 2039
866 2100
867 2102
868 2081
869 2079
870 2071
871 2090
872 2057
873 2085
874 2101
875 2077
876 2067
877 2087
878 2055
879 2098
880 2063
881 2068
882 2081
883 2069
884 2077
885 2059
886 2064
887 2091
888 2048
889 2051
890 2101
891 2124
892 2074
893 2090
894 2089
895 2053
896 2076
897 2107
898 2089
899 2069
900 2069
901 2064
902 2067
903 2072
904 2102
905 2066
906 2092
907 2095
908 2119
909 2086
910 2087
911 2088
912 2103
913 2088
914 2067
915 2096
916 2090
917 2092
918 2090
919 2076
920 2076
921 2119
922 2100
923 2079
924 2112
925 2068
926 2087
927 2074
928 2109
929 2092
930 2088
931 2075
932 2059
933 2106
934 2088
935 2110
936 2054
937 2054
938 2091
939 2138
940 2095
941 2069
942 2063
943 2046
944 2101
945 2068
946 2084
947 2109
948 2083
949 2077
950 2102
951 2100
952 2091
953 2105
954 2086
955 2099
956 2074
957 2092
958 2071
959 2085
960 2052
961 2105
962 2092
963 2073
964 2054
965 2064
966 2099
967 2072
968 2079
969 2083
970 2072
971 2090
972 2054
973 2112
974 2093
975 2058
976 2115
977 2123
978 2078
979 2095
980 2095
981 2128
982 2099
983 2065
984 2098
985 2064
986 2090
987 2047
988 2053
989 2059
990 2078
991 2095
992 2095
993 2072
994 2098
995 2085
996 2078
997 2087
998 2102
999 2081
1000 2079
1001 2075
1002 2091
1003 2103
1004 2103
1005 2065
1006 2097
1007 2112
1008 2078
1009 2102
1010 2114
1011 2112
1012 2102
1013 2105
1014 2095
1015 2093
1016 2088
1017 2113
1018 2109
1019 2134
1020 2086
1021 2078
1022 2079
1023 2114
1024 2105
1025 2131
1026 2139
1027 2097
1028 2165
1029 2158
1030 2124
1031 2148
1032 2145
1033 2133
1034 2113
1035 2174
1036 2186
1037 2208
1038 2188
1039 2209
1040 2235
1041 2275
1042 2290
1043 2300
1044 2350
1045 2409
1046 2500
1047 2539
1048 2620
1049 2715
1050 2873
1051 3060
1052 3372
1053 3640
1054 4024
1055 4806
1056 6096
1057 8132
1058 11280
1059 15420
1060 19929
1061 22836
1062 23912
1063 24378
1064 25208
1065 25812
1066 24384
1067 19766
1068 13775
1069 8880
1070 5696
1071 3962
1072 3097
1073 2697
1074 2454
1075 2382
1076 2301
1077 2243
1078 2175
1079 2175
1080 2183
1081 2161
1082 2162
1083 2175
1084 2133
1085 2136
1086 2122
