0 2166
1 2207
2 2174
3 2155
4 2192
5 2167
6 2227
7 2227
8 2295
9 2358
10 2382
11 2353
12 2378
13 2508
14 2605
15 2619
16 2837
17 2881
18 3102
19 3310
20 3737
21 3848
22 4656
23 6027
24 9771
25 13270
26 18636
27 25436
28 20927
29 11574
30 6063
31 3618
32 2496
33 2277
34 2181
35 2153
36 2135
37 2134
38 2122
39 2103
40 2098
41 2144
42 2119
43 2131
44 2105
45 2097
46 2078
47 2115
48 2108
49 2066
50 2070
51 2119
52 2100
53 2090
54 2095
55 2089
56 2094
57 2114
58 2065
59 2078
60 2104
61 2067
62 2095
63 2109
64 2087
65 2080
66 2094
67 2113
68 2112
69 2109
70 2090
71 2089
72 2104
73 2086
74 2123
75 2083
76 2107
77 2054
78 2085
79 2100
80 2079
81 2069
82 2099
83 2133
84 2110
85 2074
86 2127
87 2116
88 2124
89 2073
90 2107
91 2094
92 2092
93 2096
94 2092
95 2109
96 2077
97 2072
98 2114
99 2128
100 2117
101 2068
102 2084
103 2135
104 2082
105 2069
106 2066
107 2100
108 2105
109 2101
110 2081
111 2093
112 2104
113 2075
114 2070
115 2068
116 2073
117 2128
118 2058
119 2077
120 2074
121 2130
122 2076
123 2101
124 2051
125 2081
126 2079
127 2088
128 2082
129 2069
130 2095
131 2096
132 2078
133 2023
134 2082
135 2097
136 2110
137 2113
138 2045
139 2119
140 2101
141 2067
142 2079
143 2073
144 2072
145 2104
146 2106
147 2104
148 2061
149 2096
150 2078
151 2133
152 2112
153 2069
154 2112
155 2075
156 2067
157 2114
158 2070
159 2094
160 2043
161 2104
162 2087
163 2089
164 2067
165 2079
166 2094
167 2110
168 2078
169 2115
170 2064
171 2087
172 2091
173 2115
174 2095
175 2040
176 2080
177 2100
178 2081
179 2099
180 2106
181 2100
182 2074
183 2059
184 2088
185 2057
186 2056
187 2075
188 2124
189 2078
190 2076
191 2070
192 2081
193 2060
194 2103
195 2068
196 2051
197 2062
198 2084
199 2096
200 2056
201 2098
202 2105
203 2068
204 2080
205 2096
206 2091
207 2088
208 2086
209 2116
210 2106
211 2111
212 2068
213 2117
214 2064
215 2087
216 2100
217 2070
218 2118
219 2084
220 2103
221 2090
222 2093
223 2147
224 2074
225 2087
226 2101
227 2078
228 2120
229 2081
230 2103
231 2096
232 2099
233 2100
234 2067
235 2128
236 2054
237 2096
238 2082
239 2065
240 2094
241 2065
242 2074
243 2097
244 2114
245 2079
246 2041
247 2093
248 2081
249 2085
250 2040
251 2063
252 2100
253 2113
254 2073
255 2082
256 2100
257 2086
258 2101
259 2056
260 2079
261 2080
262 2063
263 2074
264 2096
265 2098
266 2090
267 2100
268 2083
269 2080
270 2061
271 2051
272 2082
273 2065
274 2100
275 2104
276 2077
277 2097
278 2100
279 2084
280 2080
281 2099
282 2072
283 2074
284 2070
285 2072
286 2101
287 2060
288 2089
289 2061
290 2102
291 2063
292 2078
293 2091
294 2075
295 2083
296 2044
297 2063
298 2103
299 2082
300 2085
301 2060
302 2114
303 2064
304 2077
305 2067
306 2074
307 2065
308 2074
309 2093
310 2100
311 2095
312 2043
313 2093
314 2050
315 2058
316 2091
317 2102
318 2092
319 2079
320 2075
321 2125
322 2093
323 2094
324 2077
325 2088
326 2108
327 2092
328 2077
329 2087
330 2076
331 2084
332 2088
333 2082
334 2081
335 2114
336 2090
337 2112
338 2089
339 2065
340 2089
341 2111
342 2072
343 2078
344 2085
345 2096
346 2095
347 2118
348 2121
349 2084
350 2102
351 2072
352 2071
353 2102
354 2092
355 2079
356 2072
357 2075
358 2095
359 2080
360 2076
361 2090
362 2046
363 2085
364 2032
365 2040
366 2097
367 2069
368 2104
369 2064
370 2106
371 2102
372 2111
373 2118
374 2076
375 2065
376 2059
377 2079
378 2099
379 2074
380 2087
381 2091
382 2050
383 2118
384 2119
385 2073
386 2085
387 2052
388 2054
389 2074
390 2070
391 2063
392 2064
393 2099
394 2105
395 2083
396 2077
397 2068
398 2088
399 2073
400 2060
401 2081
402 2090
403 2058
404 2120
405 2064
406 2096
407 2095
408 2099
409 2074
410 2084
411 2070
412 2101
413 2090
414 2091
415 2100
416 2089
417 2034
418 2069
419 2108
420 2070
421 2083
422 2073
423 2050
424 2104
425 2081
426 2114
427 2053
428 2083
429 2068
430 2106
431 2045
432 2072
433 2076
434 2108
435 2085
436 2096
437 2110
438 2086
439 2088
440 2070
441 2052
442 2101
443 2113
444 2068
445 2093
446 2086
447 2075
448 2067
449 2078
450 2065
451 2101
452 2056
453 2105
454 2107
455 2077
456 2046
457 2042
458 2067
459 2049
460 2092
461 2121
462 2095
463 2071
464 2076
465 2098
466 2071
467 2067
468 2078
469 2090
470 2061
471 2085
472 2077
473 2057
474 2099
475 2095
476 2053
477 2062
478 2066
479 2114
480 2101
481 2068
482 2043
483 2109
484 2105
485 2106
486 2072
487 2062
488 2095
489 2092
490 2067
491 2098
492 2069
493 2082
494 2072
495 2055
496 2077
497 2105
498 2087
499 2092
500 2074
501 2056
502 2144
503 2075
504 2100
505 2119
506 2086
507 2100
508 2076
509 2048
510 2056
511 2121
512 2118
513 2084
514 2104
515 2094
516 2097
517 2093
518 2092
519 2086
520 2079
521 2102
522 2120
523 2072
524 2089
525 2088
526 2113
527 2070
528 2128
529 2107
530 2042
531 2091
532 2095
533 2064
534 2097
535 2113
536 2124
537 2073
538 2054
539 2078
540 2101
541 2068
542 2081
543 2087
544 2069
545 2094
546 2118
547 2101
548 2124
549 2090
550 2073
551 2081
552 2095
553 2070
554 2075
555 2085
556 2085
557 2085
558 2037
559 2039
560 2062
561 2099
562 2091
563 2035
564 2054
565 2069
566 2058
567 2086
568 2100
569 2071
570 2117
571 2095
572 2087
573 2072
574 2074
575 2090
576 2089
577 2069
578 2070
579 2105
580 2111
581 2061
582 2086
583 2077
584 2083
585 2060
586 2104
587 2089
588 2092
589 2099
590 2080
591 2072
592 2076
593 2072
594 2119
595 2058
596 2074
597 2098
598 2084
599 2108
600 2039
601 2079
602 2089
603 2088
604 2090
605 2089
606 2109
607 2073
608 2094
609 2077
610 2115
611 2088
612 2086
613 2119
614 2072
615 2101
616 2094
617 2061
618 2047
619 2084
620 2087
621 2085
622 2102
623 2096
624 2080
625 2084
626 2042
627 2063
628 2094
629 2088
630 2082
631 2067
632 2113
633 2073
634 2092
635 2143
636 2085
637 2090
638 2078
639 2074
640 2097
641 2103
642 2085
643 2041
644 2083
645 2038
646 2066
647 2073
648 2081
649 2084
650 2093
651 2101
652 2054
653 2118
654 2118
655 2084
656 2064
657 2061
658 2055
659 2123
660 2070
661 2106
662 2092
663 2120
664 2134
665 2079
666 2079
667 2062
668 2070
669 2065
670 2080
671 2045
672 2083
673 2083
674 2055
675 2076
676 2116
677 2081
678 2091
679 2068
680 2090
681 2070
682 2104
683 2064
684 2074
685 2075
686 2079
687 2094
688 2104
689 2043
690 2104
691 2073
692 2107
693 2084
694 2069
695 2100
696 2097
697 2076
698 2112
699 2065
700 2038
701 2075
702 2116
703 2060
704 2075
705 2043
706 2081
707 2050
708 2056
709 2079
710 2062
711 2107
712 2075
713 2080
714 2095
715 2057
716 2079
717 2074
718 2084
719 2084
720 2081
721 2107
722 2075
723 2052
724 2060
725 2041
726 2071
727 2086
728 2032
729 2098
730 2066
731 2069
732 2097
733 2092
734 2083
735 2109
736 2075
737 2113
738 2104
739 2100
740 2064
741 2072
742 2078
743 2084
744 2038
745 2068
746 2096
747 2093
748 2088
749 2081
750 2098
751 2074
752 2037
753 2064
754 2114
755 2075
756 2089
757 2051
758 2102
759 2053
760 2086
761 2098
762 2090
763 2081
764 2105
765 2089
766 2099
767 2117
768 2093
769 2106
770 2110
771 2030
772 2109
773 2058
774 2075
775 2095
776 2051
777 2046
778 2079
779 2072
780 2081
781 2067
782 2095
783 2086
784 2086
785 2081
786 2081
787 2090
788 2049
789 2107
790 2098
791 2064
792 2079
793 2061
794 2064
795 2053
796 2088
797 2057
798 2110
799 2104
800 2095
801 2068
802 2110
803 2091
804 2070
805 2062
806 2090
807 2057
808 2096
809 2127
810 2083
811 2081
812 2059
813 2072
814 2095
815 2096
816 2075
817 2113
818 2078
819 2066
820 2098
821 2105
822 2101
823 2089
824 2077
825 2047
826 2071
827 2051
828 2096
829 2094
830 2095
831 2074
832 2065
833 2080
834 2103
835 2102
836 2085
837 2060
838 2044
839 2101
840 2045
841 2058
842 2082
843 2066
844 2122
845 2084
846 2047
847 2089
848 2093
849 2101
850 2100
851 2096
852 2063
853 2055
854 2104
855 2054
856 2014
857 2100
858 2114
859 2068
860 2083
861 2103
862 2066
863 2091
864 2060
865 2092
866 2069
867 2075
868 2076
869 2106
870 2056
871 2129
872 2100
873 2084
874 2101
875 2058
876 2061
877 2064
878 2096
879 2069
880 2065
881 2093
882 2050
883 2082
884 2041
885 2067
886 2068
887 2071
888 2057
889 2074
890 2069
891 2070
892 2086
893 2072
894 2091
895 2067
896 2051
897 2073
898 2052
899 2060
900 2091
901 2095
902 2096
903 2042
904 2054
905 2070
906 2083
907 2102
908 2103
909 2105
910 2077
911 2099
912 2069
913 2088
914 2083
915 2088
916 2056
917 2098
918 2084
919 2069
920 2060
921 2088
922 2101
923 2060
924 2099
925 2076
926 2078
927 2081
928 2066
929 2061
930 2060
931 2057
932 2084
933 2071
934 2103
935 2086
936 2071
937 2098
938 2101
939 2098
940 2069
941 2132
942 2053
943 2061
944 2083
945 2119
946 2072
947 2124
948 2089
949 2057
950 2067
951 2066
952 2070
953 2102
954 2068
955 2104
956 2113
957 2089
958 2139
959 2112
960 2102
961 2092
962 2090
963 2068
964 2092
965 2111
966 2084
967 2137
968 2084
969 2096
970 2129
971 2146
972 2122
973 2132
974 2128
975 2160
976 2171
977 2185
978 2176
979 2206
980 2246
981 2250
982 2256
983 2366
984 2341
985 2473
986 2601
987 2702
988 2961
989 3386
990 3960
991 4565
992 5211
993 5807
994 5827
995 5578
996 5727
997 5783
998 5418
999 4598
1000 3593
1001 2864
1002 2520
1003 2319
1004 2233
1005 2149
1006 2152
1007 2138
1008 2130
1009 2116
1010 2115
1011 2134
1012 2125
1013 2087
1014 2090
1015 2118
1016 2109
1017 2094
1018 2087
1019 2131
1020 2093
1021 2088
1022 2101
1023 2071
1024 2099
1025 2101
1026 2078
1027 2068
1028 2078
1029 2068
1030 2086
1031 2103
1032 2072
1033 2087
1034 2086
1035 2095
1036 2101
1037 2092
1038 2141
1039 2105
1040 2074
1041 2113
1042 2106
1043 2108
1044 2097
1045 2109
1046 2090
1047 2091
1048 2124
1049 2150
1050 2184
1051 2179
1052 2241
1053 2290
1054 2321
1055 2374
1056 2362
1057 2362
1058 2421
1059 2367
1060 2337
1061 2275
1062 2205
1063 2171
1064 2102
1065 2109
1066 2087
1067 2096
1068 2095
1069 2109
1070 2058
1071 2085
1072 2068
1073 2066
1074 2108
1075 2105
1076 2101
1077 2056
1078 2097
1079 2086
1080 2078
1081 2080
1082 2070
1083 2129
1084 2101
1085 2049
1086 2098
1087 2087
1088 2079
1089 2051
1090 2109
1091 2105
1092 2029
1093 2061
1094 2066
1095 2089
1096 2088
1097 2062
1098 2084
1099 2057
1100 2091
1101 2080
1102 2055
1103 2076
1104 2071
1105 2046
1106 2052
1107 2078
1108 2086
1109 2105
1110 2089
1111 2092
1112 2073
1113 2073
1114 2073
1115 2067
1116 2072
1117 2063
1118 2042
1119 2087
1120 2076
1121 2096
1122 2084
1123 2119
1124 2101
1125 2054
1126 2044
1127 2004
1128 2051
1129 2102
1130 2099
1131 2076
1132 2058
1133 2077
1134 2071
1135 2067
1136 2108
1137 2077
1138 2042
1139 2069
1140 2104
1141 2068
1142 2066
1143 2063
1144 2068
1145 2080
1146 2074
1147 2075
1148 2084
1149 2062
1150 2078
1151 2039
1152 2088
1153 2099
